{
 "cells": [
  {
   "cell_type": "code",
   "execution_count": 2,
   "metadata": {},
   "outputs": [],
   "source": [
    "import pandas as pd\n",
    "import numpy as np\n",
    "from sklearn.linear_model import LinearRegression\n",
    "from math import *\n",
    "from itertools import combinations\n",
    "\n",
    "import warnings\n",
    "warnings.simplefilter(\"ignore\")"
   ]
  },
  {
   "cell_type": "markdown",
   "metadata": {},
   "source": [
    "### Delta Ct"
   ]
  },
  {
   "cell_type": "code",
   "execution_count": 3,
   "metadata": {},
   "outputs": [],
   "source": [
    "df = pd.read_excel(\"Final PCR students f=2000 +gene names 2022-06-06.xlsx\"\n",
    "                  , nrows = 45).fillna(\"\")\n",
    "df = df.drop(\"Unnamed: 3\", axis = 1)"
   ]
  },
  {
   "cell_type": "code",
   "execution_count": 4,
   "metadata": {},
   "outputs": [],
   "source": [
    "Genes = np.array([\"CDC42BPA\", \"LBR\", \"ROCK1\", \"ACTB\", \"GAPDH\"])\n",
    "Ct_all = ([df.iloc[i:i+6][\"Ct\"].values.astype(float) \n",
    "    for i in range(0, 46, 9) if i < 38])"
   ]
  },
  {
   "cell_type": "code",
   "execution_count": 5,
   "metadata": {},
   "outputs": [
    {
     "data": {
      "text/html": [
       "<div>\n",
       "<style scoped>\n",
       "    .dataframe tbody tr th:only-of-type {\n",
       "        vertical-align: middle;\n",
       "    }\n",
       "\n",
       "    .dataframe tbody tr th {\n",
       "        vertical-align: top;\n",
       "    }\n",
       "\n",
       "    .dataframe thead th {\n",
       "        text-align: right;\n",
       "    }\n",
       "</style>\n",
       "<table border=\"1\" class=\"dataframe\">\n",
       "  <thead>\n",
       "    <tr style=\"text-align: right;\">\n",
       "      <th></th>\n",
       "      <th>CDC42BPA</th>\n",
       "      <th>LBR</th>\n",
       "      <th>ROCK1</th>\n",
       "      <th>ACTB</th>\n",
       "      <th>GAPDH</th>\n",
       "    </tr>\n",
       "  </thead>\n",
       "  <tbody>\n",
       "    <tr>\n",
       "      <th>CDC42BPA</th>\n",
       "      <td>0.000000</td>\n",
       "      <td>0.292499</td>\n",
       "      <td>0.492161</td>\n",
       "      <td>0.362476</td>\n",
       "      <td>1.449138</td>\n",
       "    </tr>\n",
       "    <tr>\n",
       "      <th>LBR</th>\n",
       "      <td>0.292499</td>\n",
       "      <td>0.000000</td>\n",
       "      <td>0.576387</td>\n",
       "      <td>0.397562</td>\n",
       "      <td>1.339983</td>\n",
       "    </tr>\n",
       "    <tr>\n",
       "      <th>ROCK1</th>\n",
       "      <td>0.492161</td>\n",
       "      <td>0.576387</td>\n",
       "      <td>0.000000</td>\n",
       "      <td>0.537742</td>\n",
       "      <td>1.082692</td>\n",
       "    </tr>\n",
       "    <tr>\n",
       "      <th>ACTB</th>\n",
       "      <td>0.362476</td>\n",
       "      <td>0.397562</td>\n",
       "      <td>0.537742</td>\n",
       "      <td>0.000000</td>\n",
       "      <td>1.449617</td>\n",
       "    </tr>\n",
       "    <tr>\n",
       "      <th>GAPDH</th>\n",
       "      <td>1.449138</td>\n",
       "      <td>1.339983</td>\n",
       "      <td>1.082692</td>\n",
       "      <td>1.449617</td>\n",
       "      <td>0.000000</td>\n",
       "    </tr>\n",
       "  </tbody>\n",
       "</table>\n",
       "</div>"
      ],
      "text/plain": [
       "          CDC42BPA       LBR     ROCK1      ACTB     GAPDH\n",
       "CDC42BPA  0.000000  0.292499  0.492161  0.362476  1.449138\n",
       "LBR       0.292499  0.000000  0.576387  0.397562  1.339983\n",
       "ROCK1     0.492161  0.576387  0.000000  0.537742  1.082692\n",
       "ACTB      0.362476  0.397562  0.537742  0.000000  1.449617\n",
       "GAPDH     1.449138  1.339983  1.082692  1.449617  0.000000"
      ]
     },
     "execution_count": 5,
     "metadata": {},
     "output_type": "execute_result"
    }
   ],
   "source": [
    "delta_Ct = pd.DataFrame(np.zeros((len(Genes), len(Genes)),),\n",
    "             columns = Genes, index = Genes)\n",
    "\n",
    "for gene1, gene2 in combinations(Genes, 2):\n",
    "    ind1, ind2 = np.where(Genes == gene1)[0][0], np.where(Genes == gene2)[0][0]\n",
    "    delta = np.std(Ct_all[ind1] - Ct_all[ind2])\n",
    "    \n",
    "    delta_Ct.loc[gene1, gene2] = delta\n",
    "    delta_Ct.loc[gene2, gene1] = delta\n",
    "delta_Ct"
   ]
  },
  {
   "cell_type": "markdown",
   "metadata": {},
   "source": [
    "### GeoNorm"
   ]
  },
  {
   "cell_type": "code",
   "execution_count": 6,
   "metadata": {},
   "outputs": [],
   "source": [
    "data = pd.read_excel(\"Eff ref.genes for students 20220606.xlsx\").fillna(\" \")\n",
    "data = data.drop(\"Unnamed: 3\", axis = 1)\n",
    "\n",
    "data[\"Ct\"] = data[\"Ct\"].replace(' ', inf).astype(float)\n",
    "data = data[data[\"Df\"]!=\"Neg.Ctrl\"]"
   ]
  },
  {
   "cell_type": "code",
   "execution_count": 7,
   "metadata": {},
   "outputs": [],
   "source": [
    "def efficiency(Ct, Df):\n",
    "    log_Df =  np.log10(1 / Df)\n",
    "    \n",
    "    lr = LinearRegression().fit(log_Df.reshape(-1, 1), Ct)\n",
    "    Ct_pred = lr.predict(log_Df.reshape(-1, 1))\n",
    "    a = lr.coef_[0]\n",
    "\n",
    "    p = np.sqrt(np.sum(np.power(Ct - Ct_pred, 2)) / (len(Ct) - 1))\n",
    "    E = pow(10, -1/a)\n",
    "    SE = pow(a, -2) * np.log(10) * p * E\n",
    "    \n",
    "    return round(E, 6), round(SE, 6)"
   ]
  },
  {
   "cell_type": "code",
   "execution_count": 8,
   "metadata": {},
   "outputs": [],
   "source": [
    "E_ = {}.fromkeys(data[\"Gene\"].unique(), 0)\n",
    "for gene in E_:\n",
    "    table = data[(data['Gene'] == gene)]\n",
    "    \n",
    "    Ct = np.array(table[\"Ct\"].values)\n",
    "    Df = np.array(list(map(lambda i: float(i.strip(\"dil_\")), table[\"Df\"].values)))\n",
    "    \n",
    "    E_[gene] = efficiency(Ct, Df)[0]"
   ]
  },
  {
   "cell_type": "code",
   "execution_count": 9,
   "metadata": {},
   "outputs": [
    {
     "data": {
      "text/plain": [
       "{'LBR (ref)': 2.091646,\n",
       " 'ROCK1 (ref)': 2.283884,\n",
       " 'CDC42BPA (ref)': 2.134281,\n",
       " 'GAPDH': 2.011684,\n",
       " 'ACTB': 2.023635}"
      ]
     },
     "execution_count": 9,
     "metadata": {},
     "output_type": "execute_result"
    }
   ],
   "source": [
    "E_"
   ]
  },
  {
   "cell_type": "code",
   "execution_count": 10,
   "metadata": {},
   "outputs": [],
   "source": [
    "E = np.array([[E_[i]]*6 for i in E_]).reshape(1, -1)[0]\n",
    "Ct = np.array(Ct_all).reshape(1, -1)[0]\n",
    "E_Ct = dict(zip(Genes, np.power(E, Ct).reshape(5, 6)))"
   ]
  },
  {
   "cell_type": "code",
   "execution_count": 11,
   "metadata": {},
   "outputs": [
    {
     "data": {
      "text/html": [
       "<div>\n",
       "<style scoped>\n",
       "    .dataframe tbody tr th:only-of-type {\n",
       "        vertical-align: middle;\n",
       "    }\n",
       "\n",
       "    .dataframe tbody tr th {\n",
       "        vertical-align: top;\n",
       "    }\n",
       "\n",
       "    .dataframe thead th {\n",
       "        text-align: right;\n",
       "    }\n",
       "</style>\n",
       "<table border=\"1\" class=\"dataframe\">\n",
       "  <thead>\n",
       "    <tr style=\"text-align: right;\">\n",
       "      <th></th>\n",
       "      <th>CDC42BPA</th>\n",
       "      <th>LBR</th>\n",
       "      <th>ROCK1</th>\n",
       "      <th>ACTB</th>\n",
       "      <th>GAPDH</th>\n",
       "    </tr>\n",
       "  </thead>\n",
       "  <tbody>\n",
       "    <tr>\n",
       "      <th>CDC42BPA</th>\n",
       "      <td>0.000000</td>\n",
       "      <td>0.313485</td>\n",
       "      <td>0.530388</td>\n",
       "      <td>0.376806</td>\n",
       "      <td>1.493148</td>\n",
       "    </tr>\n",
       "    <tr>\n",
       "      <th>LBR</th>\n",
       "      <td>0.313485</td>\n",
       "      <td>0.000000</td>\n",
       "      <td>0.653869</td>\n",
       "      <td>0.422039</td>\n",
       "      <td>1.414203</td>\n",
       "    </tr>\n",
       "    <tr>\n",
       "      <th>ROCK1</th>\n",
       "      <td>0.530388</td>\n",
       "      <td>0.653869</td>\n",
       "      <td>0.000000</td>\n",
       "      <td>0.564056</td>\n",
       "      <td>1.109412</td>\n",
       "    </tr>\n",
       "    <tr>\n",
       "      <th>ACTB</th>\n",
       "      <td>0.376806</td>\n",
       "      <td>0.422039</td>\n",
       "      <td>0.564056</td>\n",
       "      <td>0.000000</td>\n",
       "      <td>1.470719</td>\n",
       "    </tr>\n",
       "    <tr>\n",
       "      <th>GAPDH</th>\n",
       "      <td>1.493148</td>\n",
       "      <td>1.414203</td>\n",
       "      <td>1.109412</td>\n",
       "      <td>1.470719</td>\n",
       "      <td>0.000000</td>\n",
       "    </tr>\n",
       "  </tbody>\n",
       "</table>\n",
       "</div>"
      ],
      "text/plain": [
       "          CDC42BPA       LBR     ROCK1      ACTB     GAPDH\n",
       "CDC42BPA  0.000000  0.313485  0.530388  0.376806  1.493148\n",
       "LBR       0.313485  0.000000  0.653869  0.422039  1.414203\n",
       "ROCK1     0.530388  0.653869  0.000000  0.564056  1.109412\n",
       "ACTB      0.376806  0.422039  0.564056  0.000000  1.470719\n",
       "GAPDH     1.493148  1.414203  1.109412  1.470719  0.000000"
      ]
     },
     "execution_count": 11,
     "metadata": {},
     "output_type": "execute_result"
    }
   ],
   "source": [
    "GeNorm = pd.DataFrame(np.zeros((len(Genes), len(Genes))),\n",
    "             columns = Genes, index = Genes)\n",
    "\n",
    "for gene1, gene2 in combinations(Genes, 2):\n",
    "    logE = np.log2(E_Ct[gene1] / E_Ct[gene2])\n",
    "    GeNorm.loc[gene1, gene2] = np.std(logE)\n",
    "    GeNorm.loc[gene2, gene1] = np.std(logE)\n",
    "GeNorm"
   ]
  },
  {
   "cell_type": "code",
   "execution_count": null,
   "metadata": {},
   "outputs": [],
   "source": []
  },
  {
   "cell_type": "code",
   "execution_count": null,
   "metadata": {},
   "outputs": [],
   "source": []
  }
 ],
 "metadata": {
  "kernelspec": {
   "display_name": "Python 3",
   "language": "python",
   "name": "python3"
  },
  "language_info": {
   "codemirror_mode": {
    "name": "ipython",
    "version": 3
   },
   "file_extension": ".py",
   "mimetype": "text/x-python",
   "name": "python",
   "nbconvert_exporter": "python",
   "pygments_lexer": "ipython3",
   "version": "3.8.10"
  }
 },
 "nbformat": 4,
 "nbformat_minor": 4
}
